ID	E_pub	dE_pub	E_calc	dE_calc	DistPlateBoundary
1	57	13	86.605263	11.496849	320624
2	71	17	101.299202	13.524343	320624
3	59	13	80.729782	9.940001	320624
4	30	7	39.985962	4.309981	320624
5	42	9	61.778698	9.127951	320624
6	42	9	55.75386	8.100312	320624
7	49	10	65.294594	7.673621	320624
8	64	12	77.676842	10.370987	10000
9	66	13	77.676842	10.925535	10000
10	102	25	121.626953	19.761893	10000
24	31	8	22.121683	2.660819	202485
25	93.5	15.3	114.751671	17.543897	210950
26	111.7	15.6	177.741241	28.310284	210950
27	88.2	11.7	128.607697	18.623323	210950
28	105.2	15	172.781433	28.966969	210950
29	28.2	5.1	33.568684	4.00386	270000
30	20.7	2.7	22.181389	2.601329	280000
107	121	16	167.981537	18.877602	733485
108	64	9	91.592934	10.19328	733485
109	50	7	72.358925	8.208537	733485
110	56	8	80.275146	9.845374	733485
111	33	4	48.684628	5.503375	733485
112	45	6	65.196312	7.580055	733485
113	36	5	53.987011	6.278015	733757
114	33	4	49.613464	5.449406	733757
115	30	4	45.060917	5.151356	733757
116	33	5	50.251148	5.897648	733757
117	30	4	44.851357	5.031632	733757
118	34	5	51.076511	5.672871	733757
119	37	5	55.969627	6.172945	733757
120	30	4	45.052574	5.334605	733757
121	20	3	32.977253	3.636245	733757
122	32	4	50.276913	5.420992	733757
123	28	4	44.724888	4.984161	733757
124	98	13	139.872208	16.944554	716938
125	97	13	139.809174	16.462676	716938
126	75	10	106.775826	11.808975	716938
127	89	12	126.011673	14.225464	716938
128	84	11	117.698013	13.184111	726154
129	85	11	122.16774	13.796978	716938
130	80	11	113.27626	13.023856	726154
131	21	3	33.324074	3.661368	743303
132	21	3	33.661976	3.789473	733757
133	32	4	47.153614	5.146735	743303
134	40	6	62.143799	6.67254	698928
135	34	4	50.658287	5.539464	686222
136	93	12	138.664413	15.389264	718401
137	76	10	117.526138	13.743857	718401
138	97	13	136.266388	16.157085	660984
139	0	0	41.697498	5.38668	241868
140	0	0	32.785591	4.091116	241868
141	0	0	42.92944	5.676957	241868
142	0	0	39.068718	5.256178	241868
143	0	0	47.08147	8.128221	241868
144	0	0	42.511192	6.505579	241868
145	0	0	38.963326	5.631562	243311
146	0	0	33.073315	4.542418	243311
147	0	0	29.610853	3.423003	241868
148	0	0	26.04113	3.124357	241868
149	0	0	31.975319	4.003574	241868
150	0	0	32.224964	3.746789	241868
151	0	0	33.803352	4.306553	241868
152	0	0	32.924007	4.560112	241868
153	0	0	28.003136	3.350455	241868
154	0	0	24.599491	2.989392	241868
155	0	0	37.416626	4.664546	243311
156	0	0	34.34082	3.838875	243311
157	0	0	36.760658	4.331417	243311
158	0	0	36.988026	4.423313	241868
159	0	0	36.338905	5.057442	241868
160	0	0	32.593552	3.736631	241868
161	0	0	26.931187	3.170106	253180
162	0	0	24.520763	2.834268	253180
163	0	0	22.842415	2.579739	253180
164	0	0	29.435091	3.494342	253180
165	0	0	38.929081	4.786668	243311
166	0	0	34.438435	3.996001	243311
167	0	0	54.917889	6.758481	243311
168	0	0	30.482252	3.410539	253180
169	0	0	29.384377	3.436354	253180
170	0	0	23.454075	2.832779	253180
171	0	0	21.663584	2.337331	253180
172	0	0	30.026976	4.216075	253180
173	0	0	28.889133	3.459576	253180
174	0	0	22.617115	2.772535	254951
175	19.3	2.5	24.416599	2.600682	2938860
176	22.7	2.9	26.959562	2.938677	2947710
177	16.9	2.2	20.067968	2.169111	2947710
178	23.7	3	28.210861	3.109749	2947710
179	25	3.2	29.606384	3.266933	2947710
180	20.4	2.6	24.047674	2.635421	2947710
181	27.2	3.5	32.803616	3.516174	2947710
182	27.4	3.5	32.881718	3.579125	2947710
183	24.6	3.1	29.260767	3.214477	2934210
184	19.3	2.4	22.485264	2.431269	2934210
185	24.8	3.2	29.667032	3.301049	2934210
186	24.7	3.2	33.823269	3.739742	2929590
187	0	0	33.557468	3.54683	2929590
188	0	0	55.098785	5.812872	2929590
189	28	3.6	30.111347	3.315975	2929590
190	0	0	30.435848	3.36177	2929590
191	0	0	34.093143	3.863568	2929590
192	0	0	47.883465	5.153175	2929590
193	30.1	3.8	36.544281	4.034702	2934210
194	23.3	3	24.148918	2.618068	2934210
195	35.1	4.5	44.563412	4.852246	2934210
196	26.2	3.3	26.846708	2.9746	2934210
197	20.2	2.6	23.789116	2.626671	2925350
198	30.5	3.9	36.681007	4.013462	2925350
199	0	0	36.681007	4.008782	2925350
200	0	0	33.307686	3.524291	2925350
201	33.7	4.3	41.028069	4.434378	2952370
202	33	4.2	39.826355	4.555117	2952370
203	36.9	4.7	45.588409	5.114568	2952370
204	31.8	4	38.860195	4.304497	2934710
205	24.8	3.1	30.281397	3.340168	2903530
206	22	2.8	27.119936	2.852328	2903530
207	31	3.9	37.52108	4.110384	2921180
208	21.6	2.7	25.941896	2.829028	2920720
209	14.2	1.8	17.333237	1.900342	2881180
210	17.8	2.4	21.864511	2.434565	2876470
211	19.3	2.5	23.625641	2.671437	2880640
212	19.5	2.5	23.083019	2.562874	2911860
213	19.3	2.5	22.989962	2.55043	2961220
214	23.3	3	29.885607	3.393422	2934210
215	19.8	2.5	23.3594	2.497853	2911860
216	21.1	2.7	25.291615	2.793069	2894150
217	17.4	2.2	22.464201	2.488997	2894150
218	33.8	4.3	39.631477	4.339205	2916500
219	0	0	44.282238	4.835568	2916500
220	0	0	62.355789	6.793723	2916500
221	0	0	71.189102	7.73182	2916500
222	49.6	6.3	60.399666	6.662304	2916500
223	0	0	53.035725	5.978213	2916500
224	0	0	73.48172	8.243128	2916500
225	0	0	74.518272	8.558754	2916500
226	33.9	4.3	40.961334	4.325154	2916500
227	25.7	3.3	30.878544	3.408069	2916500
228	23.9	3.1	29.034628	3.289054	2912350
229	0	0	37.18	4.136041	2912350
230	0	0	36.389053	4.072582	2912350
231	0	0	54.83725	6.017837	2912350
232	30.7	3.9	68.996529	7.52345	2912350
291	49	6	53.057487	5.814117	953415
292	37	5	40.419109	4.371814	957079
293	16	2	17.230896	1.802951	957079
294	69	8	75.384789	8.601539	957079
295	93	11	101.532692	11.263483	955667
296	74	9	80.219353	8.816696	955667
297	112	13	123.749878	13.907508	955667
298	58	7	63.319527	6.907765	941116
299	147	18	160.485428	19.424363	941116
300	49	6	53.365967	6.157741	941116
301	52	6	56.263981	6.310291	884590
302	59	7	63.967819	7.13085	884590
303	7	1	7.588997	0.85497	864697
304	131	16	143.941086	16.305873	967729
305	122	15	134.550735	14.764272	973293
306	124	15	136.490189	15.90364	973293
307	123	15	134.160141	15.129591	965194
308	161	19	178.338486	20.652696	966282
309	239	29	263.160645	31.471527	989950
310	150	18	163.899323	18.314183	991413
311	366	43	407.080658	48.397243	991413
312	118	14	129.573334	14.614065	966282
313	152	18	167.782562	18.402448	966282
314	75	9	82.150551	8.812186	956347
315	196	23	218.210312	24.245166	968762
316	254	30	279.605408	33.168006	968762
317	167	20	185.175842	21.783147	958854
318	65	8	71.055901	7.986035	947629
319	73	9	79.938583	8.795311	947629
320	50	6	54.038086	5.823902	936483
321	40	5	42.989182	4.938607	936483
322	61	7	66.45858	7.590673	936483
323	21	3	22.033152	2.420941	948314
324	40	5	42.915718	4.85367	904489
325	32	4	34.241032	3.906356	904489
326	30	4	31.768797	3.662983	904489
327	102	12	111.461708	12.159488	885664
328	107	20	161.248352	19.499353	10000
329	68	13	109.841362	14.975766	10000
330	101	19	150.236496	18.343682	10000
331	72	14	104.291748	12.74323	10000
332	103	20	153.236206	18.91351	10000
333	80	17	118.168777	17.856088	10000
334	438	88	640.810486	85.06537	60000
335	184	40	273.951385	39.972037	70000
336	138	28	203.59816	27.22041	70000
337	225	44	333.604218	39.682519	70000
394	13.53	0	27.145452	3.127792	3638160
395	14.09	0	18.331568	2.088682	3646510
396	19.13	0	25.189735	2.805058	3632590
397	34.08	0	44.694782	4.98443	3632590
398	11.1	0	13.888983	1.538579	3614480
399	7.69	0	9.352782	1.1423	3596940
400	18.92	0	24.190649	2.751465	3618580
401	13.26	0	16.590454	1.885173	3558790
402	16.41	0	20.792923	2.292807	3558790
403	19.37	0	24.222248	2.726861	3486100
404	9.31	0	11.163513	1.257438	3522300
405	9.1	0	10.835964	1.21462	3497940
406	13.71	0	17.689392	2.009058	3657720
407	18.17	0	24.409676	2.788172	3669610
408	10.98	0	14.12517	1.584782	3682850
409	9.67	0	12.163133	1.396357	3709370
410	19.44	0	26.068844	2.860057	3673960
411	17.53	0	22.208111	2.389066	3660740
412	28.55	0	36.78941	4.250507	3641240
413	66.2	0	87.816078	11.131079	3660120
414	57.4	0	75.448288	12.980495	3618890
415	39.68	0	51.079636	6.832191	3626040
416	70.64	0	92.754379	21.423628	3633240
417	68.72	0	89.820107	16.096926	3633240
418	88.29	0	118.242851	18.066939	3674470
419	73.54	0	99.303772	11.606729	3718090
420	25.23	0	32.339687	4.179917	3528990
421	21.6	0	27.36779	3.116959	3531360
422	53.62	0	70.446266	9.132193	3531360
423	32.7	0	42.19265	5.159107	3536170
424	31.09	0	39.458549	4.645868	3548310
425	18.49	0	23.049088	2.605004	3511940
426	22.11	0	27.885838	3.125608	3521650
427	34.67	0	44.839497	5.321497	3521650
428	14.59	0	17.908932	1.989909	3519280
429	39.47	0	50.978394	6.467585	3536170
430	8.95	0	10.694057	1.202643	3553170
431	13.87	0	17.042543	1.872497	3553170
432	37.93	0	49.767109	6.041975	3550790
433	18.55	0	23.362259	2.609617	3550790
434	11.08	0	13.286408	1.490611	3526660
435	14.53	0	17.778122	1.96632	3526660
436	12.67	0	15.458164	1.759278	3546110
437	12.35	0	15.139056	1.662415	3546110
438	20.87	0	26.236267	2.990047	3567880
439	33.21	0	42.718788	5.06002	3567880
440	20.58	0	25.611412	2.931308	3555840
441	6.63	0	7.608758	0.886431	3555840
442	9.94	0	11.787401	1.274692	3565570
443	9.92	0	12.425391	1.487263	3597070
444	23.43	0	29.793222	3.398355	3604510
445	17	0	21.255453	2.281181	3604510
446	9	0	10.751563	1.199397	3602250
447	13.91	0	17.171343	1.852261	3623990
448	6.62	0	7.640541	0.81664	3609760
449	11.43	0	14.592195	1.646298	3665210
450	15.26	0	19.715673	2.359328	3665210
451	6.61	0	8.020252	0.886967	3648780
452	8.54	0	10.195137	1.083954	3650000
453	15.58	0	20.44898	2.370886	3634680
454	18.69	0	24.828125	2.741032	3632550
455	3.89	0	4.421551	0.499177	3575320
456	11.26	0	13.883212	1.503777	3579460
457	14.74	0	18.503996	2.129619	3579460
458	23.04	0	29.354935	3.252117	3565530
459	7.4	0	8.739686	0.980104	3534120
460	9.71	0	11.639375	1.307209	3534120
461	9.3	0	11.388148	1.237622	3516600
462	5.41	0	6.114061	0.686918	3564170
463	7.1	0	8.180443	0.92089	3564170
464	17.11	0	21.316437	2.495707	3595620
465	14.3	0	17.505592	1.89789	3588050
466	28.88	0	37.034058	4.390534	3590260
467	20.68	0	26.268677	2.943909	3590260
468	20.48	0	26.588188	3.092253	3570770
469	8.95	0	11.263037	1.280371	3668690
470	5.46	0	6.530811	0.746375	3668690
471	5.58	0	6.677148	0.789185	3668690
472	11.45	0	14.66701	1.600086	3682460
473	8.41	0	10.424505	1.1919	3673960
474	8.7	0	10.843533	1.240035	3673960
475	9.74	0	12.169823	1.37234	3656360
476	12.18	0	15.641829	1.66346	3654930
477	9.19	0	11.470036	1.265574	3660190
478	8.55	0	10.450431	1.180582	3643130
479	9.67	0	12.02955	1.345489	3643130
480	8.44	0	10.497778	1.167563	3656360
481	9.63	0	12.319528	1.376556	3673760
503	150	20	155.635803	27.375327	100000
504	130	18	133.965805	20.686315	100000
505	160	21	170.01503	23.278301	100000
506	160	21	168.599762	23.683861	100000
507	350	54	346.901001	59.777447	94339.8
508	910	12	959.169495	151.391131	100000
509	220	24	214.144577	27.037013	100000
510	270	61	266.001801	70.380269	100000
511	210	29	207.004974	30.772433	100000
512	250	39	249.182983	47.058166	100000
513	620	11	603.745239	121.400581	94339.8
514	290	41	279.261536	45.144946	94339.8
515	290	41	282.726013	44.425086	94339.8
540	370	60	376.83905	41.449422	90000
541	210	30	212.682236	23.283528	90000
542	160	30	168.66066	18.47007	90000
543	270	40	262.040283	29.204011	100000
544	380	70	370.379242	43.430453	100000
545	340	70	324.686737	38.633925	100000
546	790	200	769.295593	102.424572	100000
551	2200	500	2428.679688	526.778993	94339.8
552	2700	500	3428.604492	767.290317	94339.8
553	1300	200	1460.716064	229.151493	94339.8
554	1200	200	1284.580078	187.713041	94339.8
555	1100	200	1425.525879	226.824654	94339.8
556	230	30	248.160675	34.813654	94339.8
557	1200	200	1315.721558	225.140109	100000
558	660	80	710.582153	100.733665	100000
559	520	60	573.441956	75.305983	100000
560	170	20	187.841782	23.340592	106301
561	1600	300	1655.642578	324.404458	92195.4
562	230	20	249.784622	29.335406	100000
563	280	30	308.138428	35.739528	100000
564	100	10	110.196274	13.710781	116619
565	89	10	94.916161	11.974571	108167
566	150	20	163.682449	19.181931	106301
567	97	9	105.146683	12.370822	98488.6
568	71	7	76.006592	9.381085	98488.6
569	129	15	138.689438	18.006044	116619
570	52	5	57.281975	6.697079	102956
634	270	28	217.09584	24.322713	94339.8
635	560	60	660.427124	81.756501	100000
704	16.85	0.88	18.306543	2.16353	977395
705	26.8	1.3	28.990498	3.33255	977395
706	14.2	0.85	15.225872	1.90474	977395
707	9.2	0.5	9.865098	1.174111	977395
708	19.8	1.1	20.073692	2.390148	977395
709	23.5	1	25.675203	2.885033	977395
710	27.7	1.4	30.024141	3.568015	977395
711	34.8	2	37.699432	4.468236	977395
712	9.73	0.36	10.469381	1.1799	986813
713	29.6	2.4	32.086502	4.36506	986813
714	242	36	270.986725	48.710054	356931
715	137	11	154.253098	20.425506	350000
716	71.1	6	75.39418	10.292353	350000
717	377	94	420.281006	118.726522	347131
718	86.1	4.2	89.276878	10.423033	344819
719	630	100	707.647888	136.320142	347131
720	97	12	107.250145	17.509522	350000
721	434	95	466.907959	115.854292	350000
722	131	24	145.207886	30.927486	347131
723	233	16	259.698242	32.691147	356931
724	159.4	8.6	177.088226	21.173814	349285
725	58.4	7	64.764786	10.407351	347131
726	340	55	379.06897	74.657761	347131
727	256	34	282.165894	47.619515	347131
802	70	10	71.810295	7.976716	981529
803	70	10	67.621376	7.523685	975807
804	100	10	95.095261	10.85372	975807
805	140	10	134.269882	14.87059	975807
806	80	10	77.873589	8.493727	968762
807	120	10	113.079323	12.356158	968762
808	80	10	72.831062	8.032734	968762
809	110	10	102.417091	11.378803	961665
810	170	10	195.309402	26.01561	947945
811	460	60	522.484619	94.440092	947945
812	460	30	568.16925	70.86112	947945
813	790	70	851.526367	108.212953	941116
814	170	10	182.959427	19.890965	933809
815	170	10	186.07341	21.003064	933809
816	100	10	110.973373	12.637708	933809
817	109	27	144.340073	32.315168	53851.6
818	119	36	157.68042	42.919979	53851.6
819	84	16	111.430885	20.171163	53851.6
820	35	37	45.398262	47.834828	50000
821	135	33	180.794022	40.578954	53851.6
822	246	117	332.951965	146.584286	50000
823	253	54	337.480743	66.717381	53851.6
824	424	37	562.682678	63.392692	50000
825	279	23	371.170898	40.762228	50000
826	826	79	989.182251	111.828264	64031.2
827	1010	108	1223.992554	145.531808	56568.5
828	436	50	521.913025	63.97141	64031.2
829	314	45	363.610504	51.331159	50000
830	265	32	3863.558838	3470.965189	50000
831	108	10	120.157326	13.575834	58309.5
832	151	16	192.402328	23.183515	58309.5
833	465	61	526.451904	68.252604	44721.4
834	591	71	692.811035	90.169082	44721.4
835	736	99	882.403137	119.922892	44721.4
836	42	6	44.657574	6.194057	58309.5
837	49	16	52.792103	15.566539	58309.5
838	73	8	78.587494	9.752167	58309.5
839	98	17	107.765175	17.259387	58309.5
840	106	10	117.496368	13.562809	58309.5
841	144	13	155.227066	17.450228	64031.2
842	591	84	674.864136	95.050688	56568.5
843	428	85	497.149872	88.893962	56568.5
844	189	21	230.47612	28.449614	50000
845	292	37	329.312866	43.487953	50000
846	323	51	424.84436	63.478445	50000
847	434	150	462.637482	148.447357	64031.2
848	79	8	82.969398	9.652466	64031.2
849	1106	204	1194.985474	198.809548	64031.2
850	1039	175	1127.697876	183.46166	64031.2
851	717	106	777.332703	111.270789	64031.2
852	1006	191	1103.234741	194.951882	64031.2
853	279	52	313.016296	55.228972	56568.5
854	218	25	244.099533	30.830614	56568.5
855	617	115	715.412964	126.195108	58309.5
856	110	13	126.192596	15.603767	58309.5
857	277	91	347.750549	107.355057	56568.5
858	265	40	320.438019	47.818614	56568.5
859	119	11	137.508163	15.71989	58309.5
860	78	8	82.978111	9.766101	58309.5
861	605	70	706.825928	85.138047	53851.6
862	118	12	125.427795	14.563882	64031.2
863	87	9	87.530548	9.937251	64031.2
864	492	137	690.817261	179.644219	53851.6
865	147	15	163.682648	19.746838	58309.5
866	239	28	266.169586	32.385316	58309.5
1178	136	53	155.038712	56.14365	82462.1
1179	123	49	140.006668	49.48589	82462.1
1180	125	50	140.25827	51.527477	92195.4
1181	152	76	169.723846	79.395657	92195.4
1182	134	5.5	151.555847	54.962532	92195.4
1183	139	57	156.819016	60.142372	85440
1184	105	44	113.108566	43.791954	92195.4
1185	169	94	180.982315	98.285706	92195.4
1186	62	16	65.819466	11.18024	92195.4
1187	122	32	137.752075	25.007228	101980
1188	132	42	153.558487	40.004304	101980
1189	139	56	146.437927	56.38269	101980
1190	118	37	138.308548	34.395812	92195.4
1191	255	176	300.410645	196.656236	92195.4
1192	79.39	7.2	86.551987	10.142588	976217
1193	102.04	8.79	110.85463	12.510234	977395
1194	68.53	5.98	74.514122	8.494832	977395
1195	103.46	11.07	112.034836	14.877463	977395
1196	112.24	11.17	121.493202	15.136253	977395
1197	124.93	27	135.157394	30.368314	977395
1198	210	20	225.8302	28.889825	10000
1199	220	20	233.974243	29.208274	0
1200	260	20	282.460907	33.493666	10000
1201	80	10	94.684433	13.083499	10000
1202	190	10	204.128311	24.701263	20000
1250	8.8	1.1	10.058504	1.092066	3181210
1251	7.9	1	8.944388	0.973923	3181210
1252	8.4	1.1	9.548332	1.05731	3181210
1253	5	0.7	5.444934	0.598856	3181210
1254	8.1	1.1	9.530853	1.083037	3171770
1255	8.3	1.1	9.767097	1.090508	3171770
1256	9	1.2	10.724971	1.188104	3171770
1257	6.6	0.9	7.574186	0.835072	3171770
1258	10.9	1.4	14.435708	1.583964	3171770
1259	11	1.4	14.651539	1.679232	3171770
1260	12.6	1.6	16.845818	1.832592	3171770
1261	9.3	1.2	12.149235	1.339023	3171770
1262	12.9	1.7	15.956875	1.812485	3171770
1263	12.3	1.6	15.24502	1.67917	3171770
1264	14.2	1.8	17.64748	1.983651	3171770
1265	13.7	1.8	17.088175	1.941572	3171770
1266	8.4	1.1	10.284389	1.145639	3171770
1267	19.6	2.5	23.953951	2.656458	3176480
1268	21.3	2.7	26.180944	2.918699	3176480
1269	20.9	2.7	25.557894	2.861556	3176480
1270	17.7	2.3	21.344204	2.366024	3176480
1271	10.6	1.4	12.532594	1.374607	3176480
1272	14.5	1.9	17.456919	1.963201	3176480
1273	18	2.3	21.956755	2.480835	3176480
1274	20.9	2.7	25.672018	2.852869	3176480
1275	8.3	1.1	9.408248	1.036781	3176480
1276	11.7	1.5	13.775943	1.551714	3000820
1277	13.2	1.7	15.618856	1.737701	3000820
1278	11.2	1.5	13.885721	1.575276	3018690
1279	37.6	4.8	48.20927	5.232743	3014230
1280	12.5	1.6	15.544425	1.716498	3018690
1281	13.4	1.7	15.777369	1.728618	3009870
1282	10.4	1.3	12.127062	1.296788	3014430
1283	26.5	3.4	33.162975	3.694097	3023330
1284	23.2	3	28.943724	3.325573	3032230
1285	18.2	2.3	22.561848	2.457878	3032230
1286	25.5	3.3	31.963789	3.672793	3032230
1287	22	3	27.221786	3.343445	3027690
1288	29	3.7	34.551941	3.815794	3009870
1289	7.6	1	8.617527	0.969452	3217110
1290	9.2	1.2	10.530914	1.190766	3217110
1291	8.9	1.2	10.149113	1.115013	3225910
1292	14.3	1.9	17.481869	1.963837	3230670
1293	6.5	0.9	7.236912	0.816505	3234720
1294	8.3	1.1	9.824409	1.209172	3238830
1295	27.6	3.6	34.71851	3.750405	3221180
1296	16.7	2.1	25.293083	2.78093	3212370
1299	14.7	1.9	30.977093	3.418436	3460920
1300	14.9	2	31.604612	3.52711	3460920
1301	16.7	2.2	35.543961	4.05456	3460920
1302	22.5	2.9	48.498219	5.42679	3460920
1303	4.1	0.6	7.481744	0.832671	3457430
1304	4.9	0.7	8.944978	1.026835	3457430
1305	5.4	0.7	9.990366	1.138619	3457430
1306	5.4	0.7	10.010367	1.095404	3457430
1307	5.7	0.7	8.95993	1.450446	3419850
1308	7.3	1	6.771971	1.2166	3419850
1309	8.5	1.1	5.689333	0.988566	3419850
1310	7.2	0.9	6.879204	1.182832	3419850
1311	12.3	1.6	4.202181	0.732432	3409780
1312	13.5	1.7	3.769764	0.660781	3409780
1313	12.1	1.6	4.282975	0.768553	3409780
1314	8.8	1.2	6.174278	1.094652	3409780
1315	5.1	0.7	3.852909	0.429471	3471140
1316	6.9	0.9	6.017513	0.657599	3457430
1317	14.8	1.9	13.447135	1.426578	3452320
1318	21.8	2.8	20.07593	2.117274	3457430
1319	8.2	1.1	7.178924	0.786948	3471140
1320	16.3	2.1	16.827429	1.85389	3466020
1321	17	2.2	15.844044	1.762812	3466020
1322	15.8	2	14.467951	1.542116	3466020
1323	12.6	1.6	9.988177	1.082071	3460920
1324	18	2.4	15.700624	1.794515	3460920
1325	12.9	1.7	11.87693	1.292003	3460920
1326	23.6	3	21.735317	2.338858	3460920
1327	5.2	0.7	4.407731	0.499437	3467710
1328	5.5	0.7	4.612978	0.527851	3457430
1329	14.1	1.8	12.489893	1.301272	3447230
1330	7	0.9	6.157497	0.684166	3419850
1331	15	1.9	13.48313	1.453414	3457430
1332	10	1.3	7.701516	0.851108	3457430
1333	17.6	2.2	16.375544	1.752472	3481440
1334	13.5	1.7	11.775241	1.310733	3409780
1335	9.3	1.3	8.001055	0.946971	3409780
1336	11.7	1.5	10.189004	1.103396	3428480
1337	6.2	0.8	5.185529	0.557256	3404780
1338	6.7	0.9	5.640512	0.608519	3404780
1339	4.7	0.6	3.827287	0.419059	3396120
1340	7.5	1	6.385482	0.722194	3409780
1341	8.4	1.1	7.11682	0.770391	3409780
1342	5	0.7	4.175318	0.467602	3419850
1343	5.3	0.7	4.286026	0.467388	3419850
1344	16.8	2.1	14.684762	1.633985	3409780
1345	10.8	1.4	9.092035	1.027457	3409780
1346	9	1.2	7.749778	0.834352	3414810
1347	9.7	1.3	8.36736	0.923879	3414810
1348	10.2	1.4	8.736261	1.049836	3414810
1349	9.1	1.2	7.56366	0.827306	3414810
1350	8.9	1.2	7.606275	0.808009	3409780
1351	16.2	2.1	14.56883	1.552488	3409780
1352	15.1	1.9	13.843295	1.484538	3433540
1353	12.9	1.7	8.440258	0.953115	3442170
1354	9.7	1.3	8.766078	0.984917	3460920
1355	19.7	2.5	19.229263	2.117927	3466020
1356	11.9	1.5	11.636027	1.277737	3474620
1357	13.8	1.8	13.084633	1.425865	3490000
1358	3.8	0.5	3.007433	0.335583	3481440
1359	7.9	1	6.948619	0.763882	3476280
1360	11.7	1.5	10.447699	1.135569	3476280
1361	12.3	1.6	11.523726	1.240617	3476280
1362	16.7	2.1	14.470274	1.58816	3419850
1363	7.3	0.9	6.166479	0.663663	3438620
0	1109.76	142.54	1109.76	142.54	58309.5
0	616.5	51.32	616.5	51.32	28284.3
0	643.51	92.39	643.51	92.39	28284.3
0	422.36	37.39	422.36	37.39	50000
0	645.87	70.21	645.87	70.21	60000
0	318.72	28.45	318.72	28.45	70000
0	256.68	21.83	256.68	21.83	53851.6
0	141.81	11.73	141.81	11.73	76157.7
0	138.74	10.5	138.74	10.5	89442.7
0	107.15	8.38	107.15	8.38	85440
0	96.83	7.21	96.83	7.21	94868.3
0	155.27	11.42	155.27	11.42	94868.3
0	157.58	11.96	157.58	11.96	94868.3
0	167.68	13.43	167.68	13.43	94868.3
0	176.8	12.29	176.8	12.29	98488.6
0	173.15	12.02	173.15	12.02	98488.6
0	141.18	11.79	141.18	11.79	82462.1
0	238.78	19.09	238.78	19.09	82462.1
0	337.88	25.72	337.88	25.72	82462.1
0	11.38	0.96	11.38	0.96	2674720
0	12.44	0.95	12.44	0.95	2717080
0	6.17	0.52	6.17	0.52	3368280
0	9.5	0.75	9.5	0.75	2844500
0	17.16	1.32	17.16	1.32	2862250
0	6.79	0.57	6.79	0.57	3327780
0	3.9	0.35	3.9	0.35	3354770
0	6.78	0.56	6.78	0.56	3198830
0	5.98	0.5	5.98	0.5	3116100
0	6.09	0.51	6.09	0.51	3063410
0	14.42	1.11	14.42	1.11	2966230
0	9.34	0.73	9.34	0.73	2856170
0	10.98	0.87	10.98	0.87	2811570
0	6.36	0.54	6.36	0.54	3324830
0	3.11	0.28	3.11	0.28	3336230
0	11.01	0.85	11.01	0.85	2980220
0	15.62	1.19	15.62	1.19	2930610
0	7.31	0.59	7.31	0.59	2874460
0	9.19	0.75	9.19	0.75	3254800
0	12.09	0.95	12.09	0.95	3257070
0	10.45	0.85	10.45	0.85	3148920
0	24.89	1.86	24.89	1.86	3081510
0	18.15	1.38	18.15	1.38	2978660
0	16.01	1.23	16.01	0	2893600
0	372	0	372	0	14142.1
0	463	0	463	0	20000
0	244	0	244	0	0
0	159	0	159	0	10000
0	404	0	404	0	20000
0	230	0	230	0	10000
0	73	0	73	0	0
0	156	0	156	0	0
0	270	0	270	0	10000
0	332	0	332	0	20000
0	140	0	140	0	10000
0	148	0	148	0	10000
0	355	0	355	0	10000
0	282	0	282	0	20000
0	599	0	599	0	20000
0	154	0	154	0	10000
0	430	0	430	0	22360.7
0	160	0	160	0	20000
0	180	0	180	0	20000
0	220	0	220	0	10000
0	200	0	200	0	10000
0	220	0	220	0	20000
0	220	0	220	0	20000
0	170	0	170	0	20000
